# 0=Case 1=Sex 2=Age 3=Radius 4=Ulna 
# 5=I-MC 6=III-MC 7=V-MC
# 8=Prox Phalanx I 9=Prox Phalanx III 10=Prox Phalanx V
# 11=Middle Phalanx III  12=Middle Phalanx V
# 13=Dist. Phalanx I 14=Dist. Phalanx III 15=Dist. Phalanx V
# a=0, b=1, c=2, d=3, e=4, f=5, g=6, h=7, i=8
#
 1 0 16.6 7 7 8 8 8 7 7 8 8 8 8 8 8
 2 1 10.0 6 5 5 4 4 5 5 5 5 5 5 5 5
 3 1 12.9 7 5 6 6 6 6 6 6 6 5 5 5 5
 4 1 11.4 7 5 5 6 6 5 6 6 5 5 5 5 4
 5 0  9.1 5 3 3 4 4 4 5 5 4 4 4 4 4
 6 1 10.3 5 5 4 5 5 5 5 5 5 5 5 5 4
 7 1  7.9 5 4 4 5 4 4 4 4 4 4 5 4 4
 8 1  6.7 4 2 3 4 4 4 5 4 4 4 4 4 4
 9 0 11.2 5 5 5 4 4 5 5 5 5 4 5 5 5
10 0 10.1 6 3 4 5 4 5 4 4 4 4 5 5 5
11 0 13.2 6 5 4 5 5 5 5 5 4 4 5 5 5
12 1  6.3 5 1 3 4 3 4 4 4 4 3 4 4 4
13 0  6.2 5 0 3 4 3 3 3 3 3 3 3 4 4
14 0  6.1 5 2 3 3 2 3 4 3 3 2 3 3 3
15 1  7.1 5 1 4 4 4 4 4 3 4 3 5 4 3
16 0  7.4 5 0 3 4 3 4 4 4 4 4 4 5 4
17 1  8.4 5 4 3 4 3 4 5 4 4 4 4 5 5
18 0  8.5 5 3 3 4 4 3 4 4 4 4 4 5 5
19 1  7.9 5 2 3 5 4 4 4 4 4 4 4 4 4
20 1  8.9 5 3 4 4 3 5 5 4 4 4 5 5 5
21 0  9.4 5 4 4 4 4 4 5 5 4 4 5 5 5
22 0  9.2 5 3 3 4 3 4 4 4 4 4 5 4 4
23 1 10.1 6 4 4 5 5 5 5 5 5 4 5 5 5
24 1 10.8 6 4 6 6 6 6 5 5 5 5 5 4 3
25 0 11.3 5 5 4 5 5 5 5 5 5 5 5 5 5
26 0 12.3 6 5 4 6 6 5 5 5 5 5 4 5 5
27 1 12.5 7 5 5 6 6 6 6 6 5 5 5 6 5
28 0 13.7 6 6 6 6 6 6 6 5 6 5 5 5 5
29 1 13.2 7 6 6 6 6 6 6 6 6 6 6 6 6
30 1 14.2 7 6 7 6 6 7 8 8 7 7 7 8 8
31 0 14.2 7 6 6 6 6 6 6 6 6 6 6 6 6
32 0 14.2 7 6 6 6 6 6 6 6 6 5 6 5 5
33 1  4.7 4 1 3 3 3 4 4 3 4 2 3 3 2
